mnu.

V.

verona, 4, 7, 7, 7, 74, 74, 37, 37, 37, 33,
43, 41, 43, 74, 74, 77, 133, 777.
117133 31, 507.
717311, parson 311133313111, 472, 513.

W.

173111311131137, 533.
Walter 31 (1377113, abbot 31, 167,168,
133, 717, 773, 333, 343, 341, 747,
343, 371, 377, 331, 437, 433, 411,
511.
17373113, 7711113111 (13, 346.
See Η311131111.
1333717137317343743714.
7777177 174, 774, 717, 774.
S. Katherine's, 486, 497.
1717111377, 713, 733, 737, 733, 331, 347.
william, 713 1377137, 306.
the 1137317137, 202.
3131113133, built 1133133137 337713,
536.
71131117 31 Ch. eh, 254, 258, 269, 275,
777, 737, 311, 317, 317.
3733711337 3101. (711, 458.

578

winchester, 221, 825, 826, 827.
winchester, 11131371, 117133 31, 60, 148.
Godsrey de Luey, 11313331, 317, 324,
317, 377.
7711171707, 888, 842.
11177177, 73, 144,173, 177, 773.
Worms, 774, 777, 377.
7737337137, W„ chaphin of, 293.
william 173711311, 117133 31, 83, 146,
167,168.
Robert 1662 Rquh, bishop 31, 325,
377, 773, 711.
John 31 0311133333, 117133 31, 373,
410.

Y.

73711,311173131, 533, 535.
3731117133 31. See Geoffrey.
dean 31. 8331131371.

Z.

7371733717374.

 

