572

Saint 119911991199 91, 143, 311.
89191 119999, 99449991 91, 146.
89191 814999ᾶί, 99999441 91, 154,163,317,
324.
Samson, 94494 013 499, 449, 499, 499,
494, 499, 494, 999, 944, 949, 944,
518.
34144 Barth, William 94, 494, 499, 999944,
949, 949.
89191 John, W. de, 313.
3914444994, 99499 01, 266,³12, 622, 949,
949, 449, 949.
8919191949 11191199, william 91, 121, 195,
994, 949, 994, 999.
8419104994, 140.
89191Ρ991, John de, cardinal, 376.
89191 0919119, R, precentor 91, 451.
89191 Valeri, Bernard 91, 319.
3., monn 01 ch. cn, 944, 999, 999, 999,
mmmm
891, 09911499 de, 166.
Salerno, John 91, cardinal, 375.
891199949, Η949941, 919999 91, 410.
11, 919999 91, 534.
Salomon, 4449914 91 ο141440149449,494,499.
Samson, 9499194, 311.
canon 91 Hakington, 112, 193.
Savaria archdeaeon 91 1194199949199, 350,
351.
9191499 91 Bath, 364, 365, 331.
.- 11, 99919 91, 381.
8944999, 119949, 19149 91, 153.
11911119, 19914999 91, 159.
8994, 14191941, 9191499 91, 314.
8441491, cardinal, 130, 301.
89949949, 91494914 91, 534.
8994914994, 315.
Sicily, william, king of, 162, 499, 994,
531.
199999, queen 91, 161.
819999, 175, 175.
39494, G. de, 622.
silvester, 9499194, 3, 15.
80199999, 13, 65.
Spain, two kings in, 396.
ωηωωωω
Qmmmffi
8199199, 99991 91, 413.
81991499, count 91 89999449, 319.

mnu.

stratford, 9999191, 413.
sture, 1149449499 944, 944, 949.

894999, 91119994, 67.
the chamberlain 91 Christ 01494914, 77,
99, 99, 99, 499, 999.
94449914, diea 91 Rome, 154.
another, 949, 999.
the trenurer, 298, 3014, 808, 315, 311.
89194919, 407.
9499199999 91119119, 409, 411, 419.

Τ.

T, monn, 499, 449.
Τ91199, 919414 19 John 91 Anagni, 301,
999999, 949.
Τ99199, Boger de, 71, 30.
Temple, G, 44499194 91, 134, 316.
Τ9914949, 311, 318, 532.
Τ94414999949, 67, 153, 331.
Alan, 9999191, 356, 374.
Τ9999911, count 91 Β1919, 35.
9499914999 91 0991949949, 33, 94, 96,
de.
Thomas, 9499919999 9109919499499 999919.
9949 91199199, 166.
intended to 99111 9 91494914 19 8. Ste-
phen, 3, 19,11, 135.
1419 ring, 195.
1419 99914944 119199, 101, 109, 111
his enylng 99991 119949 11,, 160.
Torneham, 8199149919, 106.
19949, 64, 117.
9499919999 91, 395.
19499911. de, 315.
0. de, 311.
Τ949, 313.

U.

114999ΠΙ, pope, letters 91, 4, 5, 6, 7, 11ν
24, 34, 35, 36, 38, 39, 40, 42,·13,
100,102, 104, 105.
letters 10, 16, 18, 20,25, 28, ι11,·18, 50,
999999
dies, 499, 101, 999.

 

