A.

11,,13331 11 0311311113, 297.
Α, 1313331131, 204.
Aaron, monk, 67, 292, 315, 317.
11113331, 31131 31, 511.
Aere, 333, 341.
31131, the third prior, 298, 299, 807.
Albano, Henry, cardinal 113133 31, 108,
133, 131, 133, 133, 334.
Albinus, eardinal 11113331, 801.
John, eardinal 113133 31, 503.
Albert, 3131331131 31113 Holy See, 108.
See Gregory VIII.
Albinae and 11111113, 131133 31, 215.
11131331, 8, 89, 90, 96, 97.
Alexander, 173131313,3131133331 31 Β31·
331, 82.
ΙΙΙ-,13131131
Δ113311,.1311 (13103111 di Segni, 31, 331·
111131 31133131 8113111, 280, 286,
133, 333, 333, 331, 333, 331, 333,
807, 813.
13133331, 331, 334, 333, 334.
lettera to, 313, 333, 331, 343.
nephe! 31, 810.
aea 31, 333, 333, &a
Angelo, notary at Rome, 289.
8133111, 3131113133 31 (1311311117, 225,
113111311131 31 1111111113 3 311131 to
8333131, 3,13,31, 133343, 333.
38111331, patriarch 31, 895. ,
13131113, marah, 493.

Apulia. See Sicily.
Simon 31, 278.

Aquileia, patriarch 11, 825.
1111111113, brother, 246.
11133333, 331, 333.
Ρ3131,11313311, 14, 226, 227, 228,
.mmmmm
—lettera 13, 11, 15, 74.
—- letter 31, 26.
1113111113, William 31, 77, 184, 148, 221.
Arai, 297.
Azetium, william, 311, 313, 313, 333.

Β.

Β.,1113 1131111, 458.
Badawin, 113113811.
33131111, 3131113133 31 0311311313.
letter· 31, 3, 11,33,11,33, 113, 113,
334, 333.
lettera to, 4, 5, 6, 7, 9, 15,10, 22, 84,
33, 43, 43, 11, 13, 33, 133, 131,
114, 333, 313, 333, 334. ·
hir 13311333, 333, 331.
Β31, count 31, 829.
13331111, Hugh, 133, 331, 333, 433, 413.
Bardunenaia, 11311, 276.
8131133311, 3113131, 428.
Β3, Bath, Walter 31, 169, 812.
Β311, 855.
1133113111 Fitz Jocelin, 113133 31, 57,
33, 133,1ο3,13ο, 131, 133113,
133, 343, 333, 313, 311, 313, 313,
mmmmem
&c., 855.

 

