568

0043344444, church of, 343, 442, 344, 342,
1711111001 01, 166.
1100414001. 0141404 01, 511.

3.

Faverohnm, 0443441333140401, 6, 33, 46,
33, 57, 73, 03, 402.
Algnr, 4314140401, 439, 440, 467.
prior of, 103, 200, 201, 202, 203, 204,
203, 344, 300, 442.
Felix, 400413 03110434 01 (714 ch, 299, 307,
312 ; deposed, 333, 334.
13400410, 1344340430, 1133434, 57, 93, 193,
204, 202, 203, 344, 434.
Ferrato, 402, 403, 1o1,1o5‚ 444, 442, 553.
Ferre, Hernold, 311.
13443434, 334101, 329.
1100413443, Philip, 0000401, 156, 314.
10441, 314004 01, 423.
1434134101 L, emperor, 10, 11.

1430103030, 0143031 01, 343.

G.

Gallington, 107, 259, 309.

(1300333, 270.

Geollrcy, 4143 king's 3100031104,33, elect
of York, 327, 323, 0400013000 01
1344, 344, 343, 300.

subprior 01 0304341404), 21, 47, 80,
04104, 332, 840.

- letters to, 24, 23, 23, 42, 44, 30,
33, 33, 400, 434, 433, 177,173,131,
105,107, 244, 243, 243, 232, 231,
230, 271, 277, 278, 281, 285, 287,
306, 308, 811, 312, 315, 351, 377,
300, 151, 157.

- lemeis 34, 31, 10, 151, 233, 302,
mmmfflQO
355, 371, 440, 434, 153,177, 173,
481.

(1340441, cardinal, 240, 370.
(1344033, 4143 historiari, 315.
(11114344, 0013414, 202.
Gisorz, 232.

minz.

Glmvin, 1444314, 55, 34, 04, 224, 230, 034.
letters to, 17, 131.
4344344 34 43, 44, 403, 135.
(1134, 329.
Glmvill, william, 47, 221.
(1144340014οη, 331404 01, 313.
(1100030434, 304101. 833 John.
W, 0401030000 01, 511.
(10411430, 0 0400 01 Belial, 202.
(100034310οι, 77.
04010, 1313 01, 324, 547.
(1400440004, church 01, 300.
Gratim, cardinal, 33, 244, 230, 304.
1441404310, 15, 182, 375,110,503
Gregory L, pope, 124, 140, &o
0111, pope. 803 44114344, 2, 3, 1064
404, 440, 430.
-430343 10,1o0,113,123,127,131.
-134434301, 111, 112.
- death os, 433, 434, 133, 100
(141101044123.
Guy, 413 Ρ3034οο, cardinal, 327, 419.
(14434034, 40443434, 211.

,H-

Hakington, church 01 S. 84301430 00418
Thomas, 3, 3, 840, 03, 77, &c
church destroyed, 339, 340, 311.
canons of, 112, 120, 339.
Π3043110, 3341 11134430, 85, 264, 203.
1134440, 0 313414, 311.
Harundcl, R. dc, 311.
Haymo, monk, 43, 30, 37 , death 01, 254.
Η311440, 11130133 01, 237.
1131033400014, 271, 272, 276, 279, 237,
289, 200, 203.
Magnus, 315.
Homericus, 322.
Ilenry 11, king 01 Englnnd, 2, 80, possin,
205.
- 1344343 10, 27, 43, 47, 33, 91, 93,
03, 101, 432, 115, 171, 223, 224,
267, 283.
v1, emperor, 350, 362.
master, 0 monk, 230, 271, 232.
1104310441, 11101340, 1413140001, 143, 137, 163.
1121014, 043144103οο0 01, 342, 313.

 

