mm.

0551546545, S. Gregory’s, prior 51, 293,
555, 445, 454.

capis, W. 415, 313.

Capua, 15154 51, cardinal, 446, 463, 431.

(1551115, king 51, 396.

(15115454, 51 0551546545, 77. See Hervey,

Felix, 11544555

champagne, 55551555 51, 236.

(1141111155, 253.

chaumont, 232.

(7654415355, Adam de, 309.

01544555,54565451,454,455, 444, 544.

chichester, 5551441, 65445551, 54, 455, 454,

mmmmmmm
410.

cinq Porta, 555.

61155544, abbat of, 44, 45, 55, 44, 555, 554.
chapter 51, 72, 73, 231, 256, 302.
convent 51, 11, 227, 229, 302.

4515 51, 96.

English 566515 51 165 order, 423.

5456615655 1651414415 5 545514 51 165
544154, 12.

(05145554, 56651 and convent 51, 12, 15.
Peter, abbot of, 45.

(1545154, abbatos, 15.

clm, Richard, 551151, 324.
- 615 brother, 329.

0144544554, 554.

clement 111, pope, 2, 2, 455, 454, 455, 455.
letters to, 445, 445, 455, 455, 455,
445, 444, 445, 445, 454, 554, 555,

555, 554. ’

letters 51 444, 455, 455, 545, 555554.
clive, 309.

(11555, 56651 5541 convent 51, 64, 136, 253,
2 5.
5411574 51, 219.
(151551155111, 5555. See 0415155155, 2, 3,
645, 645.
letters to, 555, 555, 555, 554, 544, 545.
letters 01, 335, 336, 337,360, 361, 366,
554, 555, 555, 544.
055155555, W. 615655 51, 324.
Cove, William, 515414 51, 3.

(35455145, Hugh 51 1155551, 51551 51, 3, 33,
90.

667

(15455145, Hugh 511155551, 615655 51, 162,
555, 554, 544, 545, 555, 554, 545.
(15511455 1155565545, 615655 51, 395,
410. ·
town 51, 430.
541545 51, 535.
(1455, Τ654555, 202.
(155455, 347.

Ι).

11545155, master, 65.
115554, 144, 252, 308, 344, 345.
Alexander 51 31, 94, 95, 292, 303,
311.
1565 51, 430.
5555145615 51, 440.
symon 51, 67.
115554εηῦ5141, 355.
1156115, 565456 51, 535.
11546545, Hugh (15 151551, 615655 51, 143,
555, 545, 544, 555, 554.

Ε.

1154145555, 545514, 43, 176, 191.
615415516254.
nazary, ehumh of, 5, 545, 445, 544, 545,
11.5(158,.5 455514, 313, 315.
11155554, queen 51 65515541, 332, 358, 362,
4 43 . ·
215, 511557544545445 01, 45, 445,
2 .
4444411454 Longam, 4445 01, 555,
-3-2-411151405 01, 317, 326, 327, 342,
&mmmmm
11551555, 5155151, 332, 395.
-·· 615655 51, 407, 433, 463, 472,
483, 490, 403, 434, 496, 437, 609,
545, 545545, 544, 545544, 545.
1145564545, Adam, 5665151, 6, 93.
1145154, John 165 0655154, 615655 51, 20»
l l.
Hen⁵ry 1115456511, 6141455 51, 410.

 

